6.208365693264259466e-01 2.391967734634281861e-01 7.465566674752018850e-01
3.485583832645147706e-01 6.431147634880484132e-01 6.818434236976543827e-01
-2.137459203382888542e-02 -1.424972802255259074e-01 9.895643748355714697e-01
-4.576829510980933713e-01 -4.739320499536469611e-01 7.522730410568188031e-01
3.544902071257347020e-01 6.861100783078736276e-01 6.352870638509153789e-01
-5.195253459532420681e-01 1.336790363856295294e-01 8.439332498149209050e-01
1.483440914449627446e-01 -7.222654944123596543e-01 6.755194935119476218e-01
-2.919389831149277192e-01 4.796140436888098324e-01 8.274913892206312571e-01
2.376032767129822865e-01 3.843582417415889602e-02 9.706015507484558880e-01
4.931593868754764465e-01 -1.541123083985863895e-01 8.561794295220267470e-01
4.695876856111670938e-01 -5.840049897194717898e-01 6.621371289280696404e-01
-2.099642132415941720e-01 1.049821066207970860e-01 9.720564728693996681e-01
3.424471954304994514e-01 -6.214782435590545662e-01 7.046238082299928207e-01
-1.679456065070842122e-02 -3.594035979251601898e-01 9.330310801527458286e-01
2.869014873881163830e-01 2.803060508964355657e-01 9.160327801805628889e-01
-5.815505031664182090e-01 3.764501024961189324e-01 7.211687268576939536e-01
-5.355790270773373996e-01 -1.496030801892003770e-01 8.311281634939321483e-01
6.496064948413309004e-02 7.410325941152960949e-01 6.683193910678894012e-01
-2.681561075587177712e-01 -6.283265657503288582e-01 7.302725715452792477e-01
-2.214063631895965556e-01 -6.537999665951615968e-01 7.235501544601605772e-01
1.681475163414237473e-01 -1.576382965700847683e-01 9.730758347645329653e-01
2.681481574521653588e-01 -1.271984849452579280e-01 9.549435119852063281e-01
4.190825013250383257e-01 2.158909855310803538e-01 8.819075572017557318e-01
-4.999496406312145536e-01 -4.520821218473748404e-01 7.386962243972109432e-01
-5.183513679379966321e-01 4.558366300962281570e-01 7.235501544601605772e-01
4.281621032542438088e-01 5.865573322037905823e-01 6.874792428683749179e-01
-5.095009561375233309e-01 -2.353834826600254004e-01 8.276493169125357374e-01
5.059835630759687009e-01 1.645970626873633214e-01 8.466926483982479823e-01
-4.518790485363429199e-01 -2.582165991636245495e-01 8.538908088334605795e-01
5.071899965651188724e-01 -5.244246080988850256e-01 6.839131069109624095e-01
