8.928186893463134766e-01 8.627099394798278809e-01 3.290997743606567383e-01
7.370259165763854980e-01 7.974364757537841797e-01 8.369306325912475586e-01
7.556003332138061523e-02 1.815509796142578125e-01 7.687590718269348145e-01
1.828088760375976562e-01 4.295585155487060547e-01 4.292500019073486328e-01
4.319767355918884277e-01 8.025389909744262695e-01 9.123048782348632812e-01
4.552863240242004395e-01 4.357539415359497070e-01 8.275395631790161133e-02
9.352901577949523926e-01 5.452002286911010742e-01 9.328597784042358398e-02
8.903620839118957520e-01 5.188422203063964844e-01 6.724212169647216797e-01
5.440731048583984375e-01 1.637956500053405762e-01 8.517867922782897949e-01
5.231925845146179199e-01 2.298558950424194336e-01 6.325858235359191895e-01
7.114959359169006348e-01 1.344677209854125977e-01 1.749200820922851562e-01
9.626840949058532715e-01 8.954388499259948730e-01 3.500015139579772949e-01
2.350926399230957031e-01 5.538166761398315430e-01 7.464244365692138672e-01
7.149351835250854492e-01 5.543261170387268066e-01 3.140544295310974121e-01
3.351037502288818359e-01 2.167794704437255859e-01 9.793360233306884766e-01
3.425325751304626465e-01 6.595933437347412109e-02 7.841581106185913086e-01
2.436707019805908203e-01 8.804063796997070312e-01 3.911375999450683594e-03
2.101278901100158691e-01 3.454518318176269531e-01 6.761501431465148926e-01
6.125079989433288574e-01 7.366761565208435059e-01 6.311789751052856445e-01
3.660709261894226074e-01 1.096979379653930664e-01 6.419233679771423340e-01
7.132928371429443359e-01 5.173976421356201172e-01 6.334913372993469238e-01
7.170432209968566895e-01 1.857379078865051270e-01 9.240524768829345703e-01
1.197241544723510742e-01 7.719395756721496582e-01 8.607124686241149902e-01
9.149805307388305664e-01 5.022348165512084961e-01 4.906647205352783203e-01
7.650871276855468750e-01 7.931018471717834473e-01 8.200120925903320312e-01
9.269024133682250977e-01 1.789358854293823242e-01 3.259950876235961914e-02
9.422929286956787109e-01 1.471935510635375977e-01 4.798233509063720703e-02
9.453505873680114746e-01 3.125942945480346680e-01 6.013054847717285156e-01
5.366671681404113770e-01 2.299153208732604980e-01 4.175971746444702148e-01
3.002882003784179688e-01 7.272044420242309570e-01 3.438627719879150391e-02
